7.9393 0.51043
9.6997 0.51024
9.974 0.41092
10.1875 0.50808
10.4433 0.5989
10.5253 0.40452
10.6964 0.50591
10.7856 0.81435
10.9065 0.36012
10.9113 0.70237
10.9712 0.60452
10.9736 0.60518
11.2465 0.40867
11.2903 0.40892
11.5886 0.60511
12.7142 0.70852
12.9883 0.60074
13.2868 0.70846
13.9922 1.095
14.0064 1.08586
14.036 1.04963
14.4973 0.8203
14.9877 0.92415
15.176 0.82023
16.6817 0.81373
16.9628 1.03882
17.0011 0.90243
17.0676 1.10313
17.4028 0.81154
18.0955 1.80443
19.9294 1.00775
19.9707 0.97527
20.9898 1.00553
22.0319 1.44068
23.0144 1.69405
31.9659 3.28817
35.1035 3.19277
37.0052 2.69187
